T[s]	Sd/g[-]
0.000000	0.287500
0.002001	0.286476
0.004002	0.285451
0.006003	0.284427
0.008004	0.283402
0.010005	0.282378
0.012006	0.281354
0.014007	0.280329
0.016008	0.279305
0.018009	0.278280
0.020010	0.277256
0.022011	0.276232
0.024012	0.275207
0.026013	0.274183
0.028014	0.273158
0.030015	0.272134
0.032016	0.271110
0.034017	0.270085
0.036018	0.269061
0.038019	0.268036
0.040020	0.267012
0.042021	0.265988
0.044022	0.264963
0.046023	0.263939
0.048024	0.262914
0.050025	0.261890
0.052026	0.260866
0.054027	0.259841
0.056028	0.258817
0.058029	0.257792
0.060030	0.256768
0.062031	0.255744
0.064032	0.254719
0.066033	0.253695
0.068034	0.252670
0.070035	0.251646
0.072036	0.250622
0.074037	0.249597
0.076038	0.248573
0.078039	0.247548
0.080040	0.246524
0.082041	0.245500
0.084042	0.244475
0.086043	0.243451
0.088044	0.242426
0.090045	0.241402
0.092046	0.240378
0.094047	0.239353
0.096048	0.238329
0.098049	0.237304
0.100050	0.236280
0.102051	0.235256
0.104052	0.234231
0.106053	0.233207
0.108054	0.232182
0.110055	0.231158
0.112056	0.230134
0.114057	0.229109
0.116058	0.228085
0.118059	0.227060
0.120060	0.226036
0.122061	0.225012
0.124062	0.223987
0.126063	0.222963
0.128064	0.221939
0.130065	0.220914
0.132066	0.219890
0.134067	0.218865
0.136068	0.217841
0.138069	0.216817
0.140070	0.215792
0.142071	0.214768
0.144072	0.213743
0.146073	0.212719
0.148074	0.211695
0.150075	0.210670
0.152076	0.209646
0.154077	0.208621
0.156078	0.207597
0.158079	0.206573
0.160080	0.205548
0.162081	0.204524
0.164082	0.203499
0.166083	0.202475
0.168084	0.201451
0.170085	0.200426
0.172086	0.199402
0.174087	0.198377
0.176088	0.197353
0.178089	0.196329
0.180090	0.195304
0.182091	0.194280
0.184092	0.193255
0.186093	0.192231
0.188094	0.191207
0.190095	0.190182
0.192096	0.189158
0.194097	0.188133
0.196098	0.187109
0.198099	0.186085
0.200100	0.185060
0.202101	0.184036
0.204102	0.183011
0.206103	0.181987
0.208104	0.180963
0.210105	0.179938
0.212106	0.179688
0.214107	0.179688
0.216108	0.179688
0.218109	0.179688
0.220110	0.179688
0.222111	0.179688
0.224112	0.179688
0.226113	0.179688
0.228114	0.179688
0.230115	0.179688
0.232116	0.179688
0.234117	0.179688
0.236118	0.179688
0.238119	0.179688
0.240120	0.179688
0.242121	0.179688
0.244122	0.179688
0.246123	0.179688
0.248124	0.179688
0.250125	0.179688
0.252126	0.179688
0.254127	0.179688
0.256128	0.179688
0.258129	0.179688
0.260130	0.179688
0.262131	0.179688
0.264132	0.179688
0.266133	0.179688
0.268134	0.179688
0.270135	0.179688
0.272136	0.179688
0.274137	0.179688
0.276138	0.179688
0.278139	0.179688
0.280140	0.179688
0.282141	0.179688
0.284142	0.179688
0.286143	0.179688
0.288144	0.179688
0.290145	0.179688
0.292146	0.179688
0.294147	0.179688
0.296148	0.179688
0.298149	0.179688
0.300150	0.179688
0.302151	0.179688
0.304152	0.179688
0.306153	0.179688
0.308154	0.179688
0.310155	0.179688
0.312156	0.179688
0.314157	0.179688
0.316158	0.179688
0.318159	0.179688
0.320160	0.179688
0.322161	0.179688
0.324162	0.179688
0.326163	0.179688
0.328164	0.179688
0.330165	0.179688
0.332166	0.179688
0.334167	0.179688
0.336168	0.179688
0.338169	0.179688
0.340170	0.179688
0.342171	0.179688
0.344172	0.179688
0.346173	0.179688
0.348174	0.179688
0.350175	0.179688
0.352176	0.179688
0.354177	0.179688
0.356178	0.179688
0.358179	0.179688
0.360180	0.179688
0.362181	0.179688
0.364182	0.179688
0.366183	0.179688
0.368184	0.179688
0.370185	0.179688
0.372186	0.179688
0.374187	0.179688
0.376188	0.179688
0.378189	0.179688
0.380190	0.179688
0.382191	0.179688
0.384192	0.179688
0.386193	0.179688
0.388194	0.179688
0.390195	0.179688
0.392196	0.179688
0.394197	0.179688
0.396198	0.179688
0.398199	0.179688
0.400200	0.179688
0.402201	0.179688
0.404202	0.179688
0.406203	0.179688
0.408204	0.179688
0.410205	0.179688
0.412206	0.179688
0.414207	0.179688
0.416208	0.179688
0.418209	0.179688
0.420210	0.179688
0.422211	0.179688
0.424212	0.179688
0.426213	0.179688
0.428214	0.179688
0.430215	0.179688
0.432216	0.179688
0.434217	0.179688
0.436218	0.179688
0.438219	0.179688
0.440220	0.179688
0.442221	0.179688
0.444222	0.179688
0.446223	0.179688
0.448224	0.179688
0.450225	0.179688
0.452226	0.179688
0.454227	0.179688
0.456228	0.179688
0.458229	0.179688
0.460230	0.179688
0.462231	0.179688
0.464232	0.179688
0.466233	0.179688
0.468234	0.179688
0.470235	0.179688
0.472236	0.179688
0.474237	0.179688
0.476238	0.179688
0.478239	0.179688
0.480240	0.179688
0.482241	0.179688
0.484242	0.179688
0.486243	0.179688
0.488244	0.179688
0.490245	0.179688
0.492246	0.179688
0.494247	0.179688
0.496248	0.179688
0.498249	0.179688
0.500250	0.179688
0.502251	0.179688
0.504252	0.179688
0.506253	0.179688
0.508254	0.179688
0.510255	0.179688
0.512256	0.179688
0.514257	0.179688
0.516258	0.179688
0.518259	0.179688
0.520260	0.179688
0.522261	0.179688
0.524262	0.179688
0.526263	0.179688
0.528264	0.179688
0.530265	0.179688
0.532266	0.179688
0.534267	0.179688
0.536268	0.179688
0.538269	0.179688
0.540270	0.179688
0.542271	0.179688
0.544272	0.179688
0.546273	0.179688
0.548274	0.179688
0.550275	0.179688
0.552276	0.179688
0.554277	0.179688
0.556278	0.179688
0.558279	0.179688
0.560280	0.179688
0.562281	0.179688
0.564282	0.179688
0.566283	0.179688
0.568284	0.179688
0.570285	0.179688
0.572286	0.179688
0.574287	0.179688
0.576288	0.179688
0.578289	0.179688
0.580290	0.179688
0.582291	0.179688
0.584292	0.179688
0.586293	0.179688
0.588294	0.179688
0.590295	0.179688
0.592296	0.179688
0.594297	0.179688
0.596298	0.179688
0.598299	0.179688
0.600300	0.179688
0.602301	0.179688
0.604302	0.179688
0.606303	0.179688
0.608304	0.179688
0.610305	0.179688
0.612306	0.179688
0.614307	0.179688
0.616308	0.179688
0.618309	0.179688
0.620310	0.179688
0.622311	0.179688
0.624312	0.179688
0.626313	0.179688
0.628314	0.179688
0.630315	0.179688
0.632316	0.179536
0.634317	0.178970
0.636318	0.178407
0.638319	0.177848
0.640320	0.177292
0.642321	0.176740
0.644322	0.176191
0.646323	0.175645
0.648324	0.175103
0.650325	0.174565
0.652326	0.174029
0.654327	0.173497
0.656328	0.172968
0.658329	0.172442
0.660330	0.171920
0.662331	0.171400
0.664332	0.170884
0.666333	0.170371
0.668334	0.169861
0.670335	0.169354
0.672336	0.168850
0.674337	0.168349
0.676338	0.167851
0.678339	0.167355
0.680340	0.166863
0.682341	0.166374
0.684342	0.165887
0.686343	0.165404
0.688344	0.164923
0.690345	0.164445
0.692346	0.163970
0.694347	0.163497
0.696348	0.163027
0.698349	0.162560
0.700350	0.162096
0.702351	0.161634
0.704352	0.161175
0.706353	0.160718
0.708354	0.160264
0.710355	0.159813
0.712356	0.159364
0.714357	0.158917
0.716358	0.158473
0.718359	0.158032
0.720360	0.157593
0.722361	0.157156
0.724362	0.156722
0.726363	0.156291
0.728364	0.155861
0.730365	0.155434
0.732366	0.155009
0.734367	0.154587
0.736368	0.154167
0.738369	0.153749
0.740370	0.153334
0.742371	0.152920
0.744372	0.152509
0.746373	0.152100
0.748374	0.151694
0.750375	0.151289
0.752376	0.150887
0.754377	0.150487
0.756378	0.150089
0.758379	0.149693
0.760380	0.149299
0.762381	0.148907
0.764382	0.148517
0.766383	0.148129
0.768384	0.147743
0.770385	0.147360
0.772386	0.146978
0.774387	0.146598
0.776388	0.146220
0.778389	0.145844
0.780390	0.145470
0.782391	0.145098
0.784392	0.144728
0.786393	0.144360
0.788394	0.143994
0.790395	0.143629
0.792396	0.143266
0.794397	0.142905
0.796398	0.142546
0.798399	0.142189
0.800400	0.141834
0.802401	0.141480
0.804402	0.141128
0.806403	0.140778
0.808404	0.140429
0.810405	0.140083
0.812406	0.139738
0.814407	0.139394
0.816408	0.139053
0.818409	0.138713
0.820410	0.138374
0.822411	0.138038
0.824412	0.137703
0.826413	0.137369
0.828414	0.137037
0.830415	0.136707
0.832416	0.136379
0.834417	0.136051
0.836418	0.135726
0.838419	0.135402
0.840420	0.135080
0.842421	0.134759
0.844422	0.134440
0.846423	0.134122
0.848424	0.133805
0.850425	0.133491
0.852426	0.133177
0.854427	0.132865
0.856428	0.132555
0.858429	0.132246
0.860430	0.131938
0.862431	0.131632
0.864432	0.131327
0.866433	0.131024
0.868434	0.130722
0.870435	0.130422
0.872436	0.130123
0.874437	0.129825
0.876438	0.129528
0.878439	0.129233
0.880440	0.128940
0.882441	0.128647
0.884442	0.128356
0.886443	0.128067
0.888444	0.127778
0.890445	0.127491
0.892446	0.127205
0.894447	0.126921
0.896448	0.126637
0.898449	0.126355
0.900450	0.126074
0.902451	0.125795
0.904452	0.125517
0.906453	0.125239
0.908454	0.124964
0.910455	0.124689
0.912456	0.124416
0.914457	0.124143
0.916458	0.123872
0.918459	0.123602
0.920460	0.123334
0.922461	0.123066
0.924462	0.122800
0.926463	0.122534
0.928464	0.122270
0.930465	0.122007
0.932466	0.121746
0.934467	0.121485
0.936468	0.121225
0.938469	0.120967
0.940470	0.120710
0.942471	0.120453
0.944472	0.120198
0.946473	0.119944
0.948474	0.119691
0.950475	0.119439
0.952476	0.119188
0.954477	0.118938
0.956478	0.118689
0.958479	0.118441
0.960480	0.118195
0.962481	0.117949
0.964482	0.117704
0.966483	0.117461
0.968484	0.117218
0.970485	0.116976
0.972486	0.116736
0.974487	0.116496
0.976488	0.116257
0.978489	0.116019
0.980490	0.115783
0.982491	0.115547
0.984492	0.115312
0.986493	0.115078
0.988494	0.114845
0.990495	0.114613
0.992496	0.114382
0.994497	0.114152
0.996498	0.113923
0.998499	0.113694
1.000500	0.113467
1.002501	0.113240
1.004502	0.113015
1.006503	0.112790
1.008504	0.112566
1.010505	0.112344
1.012506	0.112121
1.014507	0.111900
1.016508	0.111680
1.018509	0.111461
1.020510	0.111242
1.022511	0.111024
1.024512	0.110808
1.026513	0.110592
1.028514	0.110376
1.030515	0.110162
1.032516	0.109949
1.034517	0.109736
1.036518	0.109524
1.038519	0.109313
1.040520	0.109103
1.042521	0.108893
1.044522	0.108685
1.046523	0.108477
1.048524	0.108270
1.050525	0.108064
1.052526	0.107858
1.054527	0.107654
1.056528	0.107450
1.058529	0.107247
1.060530	0.107044
1.062531	0.106843
1.064532	0.106642
1.066533	0.106442
1.068534	0.106242
1.070535	0.106044
1.072536	0.105846
1.074537	0.105649
1.076538	0.105453
1.078539	0.105257
1.080540	0.105062
1.082541	0.104868
1.084542	0.104674
1.086543	0.104482
1.088544	0.104289
1.090545	0.104098
1.092546	0.103907
1.094547	0.103717
1.096548	0.103528
1.098549	0.103340
1.100550	0.103152
1.102551	0.102965
1.104552	0.102778
1.106553	0.102592
1.108554	0.102407
1.110555	0.102222
1.112556	0.102039
1.114557	0.101855
1.116558	0.101673
1.118559	0.101491
1.120560	0.101310
1.122561	0.101129
1.124562	0.100949
1.126563	0.100770
1.128564	0.100591
1.130565	0.100413
1.132566	0.100236
1.134567	0.100059
1.136568	0.099883
1.138569	0.099707
1.140570	0.099532
1.142571	0.099358
1.144572	0.099184
1.146573	0.099011
1.148574	0.098839
1.150575	0.098667
1.152576	0.098496
1.154577	0.098325
1.156578	0.098155
1.158579	0.097985
1.160580	0.097816
1.162581	0.097648
1.164582	0.097480
1.166583	0.097313
1.168584	0.097146
1.170585	0.096980
1.172586	0.096815
1.174587	0.096650
1.176588	0.096485
1.178589	0.096322
1.180590	0.096158
1.182591	0.095996
1.184592	0.095834
1.186593	0.095672
1.188594	0.095511
1.190595	0.095350
1.192596	0.095190
1.194597	0.095031
1.196598	0.094872
1.198599	0.094714
1.200600	0.094556
1.202601	0.094398
1.204602	0.094242
1.206603	0.094085
1.208604	0.093930
1.210605	0.093774
1.212606	0.093620
1.214607	0.093465
1.216608	0.093312
1.218609	0.093158
1.220610	0.093006
1.222611	0.092853
1.224612	0.092702
1.226613	0.092551
1.228614	0.092400
1.230615	0.092250
1.232616	0.092100
1.234617	0.091951
1.236618	0.091802
1.238619	0.091653
1.240620	0.091506
1.242621	0.091358
1.244622	0.091211
1.246623	0.091065
1.248624	0.090919
1.250625	0.090774
1.252626	0.090629
1.254627	0.090484
1.256628	0.090340
1.258629	0.090196
1.260630	0.090053
1.262631	0.089910
1.264632	0.089768
1.266633	0.089626
1.268634	0.089485
1.270635	0.089344
1.272636	0.089204
1.274637	0.089064
1.276638	0.088924
1.278639	0.088785
1.280640	0.088646
1.282641	0.088508
1.284642	0.088370
1.286643	0.088232
1.288644	0.088095
1.290645	0.087959
1.292646	0.087823
1.294647	0.087687
1.296648	0.087552
1.298649	0.087417
1.300650	0.087282
1.302651	0.087148
1.304652	0.087015
1.306653	0.086881
1.308654	0.086748
1.310655	0.086616
1.312656	0.086484
1.314657	0.086352
1.316658	0.086221
1.318659	0.086090
1.320660	0.085960
1.322661	0.085830
1.324662	0.085700
1.326663	0.085571
1.328664	0.085442
1.330665	0.085313
1.332666	0.085185
1.334667	0.085058
1.336668	0.084930
1.338669	0.084803
1.340670	0.084677
1.342671	0.084551
1.344672	0.084425
1.346673	0.084299
1.348674	0.084174
1.350675	0.084050
1.352676	0.083925
1.354677	0.083801
1.356678	0.083678
1.358679	0.083554
1.360680	0.083432
1.362681	0.083309
1.364682	0.083187
1.366683	0.083065
1.368684	0.082944
1.370685	0.082823
1.372686	0.082702
1.374687	0.082581
1.376688	0.082461
1.378689	0.082342
1.380690	0.082222
1.382691	0.082103
1.384692	0.081985
1.386693	0.081866
1.388694	0.081749
1.390695	0.081631
1.392696	0.081514
1.394697	0.081397
1.396698	0.081280
1.398699	0.081164
1.400700	0.081048
1.402701	0.080932
1.404702	0.080817
1.406703	0.080702
1.408704	0.080587
1.410705	0.080473
1.412706	0.080359
1.414707	0.080245
1.416708	0.080132
1.418709	0.080019
1.420710	0.079906
1.422711	0.079794
1.424712	0.079682
1.426713	0.079570
1.428714	0.079459
1.430715	0.079348
1.432716	0.079237
1.434717	0.079126
1.436718	0.079016
1.438719	0.078906
1.440720	0.078796
1.442721	0.078687
1.444722	0.078578
1.446723	0.078470
1.448724	0.078361
1.450725	0.078253
1.452726	0.078145
1.454727	0.078038
1.456728	0.077931
1.458729	0.077824
1.460730	0.077717
1.462731	0.077611
1.464732	0.077505
1.466733	0.077399
1.468734	0.077294
1.470735	0.077188
1.472736	0.077084
1.474737	0.076979
1.476738	0.076875
1.478739	0.076771
1.480740	0.076667
1.482741	0.076563
1.484742	0.076460
1.486743	0.076357
1.488744	0.076255
1.490745	0.076152
1.492746	0.076050
1.494747	0.075948
1.496748	0.075847
1.498749	0.075746
1.500750	0.075645
1.502751	0.075544
1.504752	0.075443
1.506753	0.075343
1.508754	0.075243
1.510755	0.075144
1.512756	0.075044
1.514757	0.074945
1.516758	0.074846
1.518759	0.074748
1.520760	0.074649
1.522761	0.074551
1.524762	0.074453
1.526763	0.074356
1.528764	0.074258
1.530765	0.074161
1.532766	0.074065
1.534767	0.073968
1.536768	0.073872
1.538769	0.073776
1.540770	0.073680
1.542771	0.073584
1.544772	0.073489
1.546773	0.073394
1.548774	0.073299
1.550775	0.073204
1.552776	0.073110
1.554777	0.073016
1.556778	0.072922
1.558779	0.072829
1.560780	0.072735
1.562781	0.072642
1.564782	0.072549
1.566783	0.072457
1.568784	0.072364
1.570785	0.072272
1.572786	0.072180
1.574787	0.072088
1.576788	0.071997
1.578789	0.071906
1.580790	0.071815
1.582791	0.071724
1.584792	0.071633
1.586793	0.071543
1.588794	0.071453
1.590795	0.071363
1.592796	0.071273
1.594797	0.071184
1.596798	0.071095
1.598799	0.071006
1.600800	0.070917
1.602801	0.070828
1.604802	0.070740
1.606803	0.070652
1.608804	0.070564
1.610805	0.070476
1.612806	0.070389
1.614807	0.070302
1.616808	0.070215
1.618809	0.070128
1.620810	0.070041
1.622811	0.069955
1.624812	0.069869
1.626813	0.069783
1.628814	0.069697
1.630815	0.069612
1.632816	0.069526
1.634817	0.069441
1.636818	0.069356
1.638819	0.069272
1.640820	0.069187
1.642821	0.069103
1.644822	0.069019
1.646823	0.068935
1.648824	0.068851
1.650825	0.068768
1.652826	0.068685
1.654827	0.068602
1.656828	0.068519
1.658829	0.068436
1.660830	0.068354
1.662831	0.068271
1.664832	0.068189
1.666833	0.068107
1.668834	0.068026
1.670835	0.067944
1.672836	0.067863
1.674837	0.067782
1.676838	0.067701
1.678839	0.067620
1.680840	0.067540
1.682841	0.067460
1.684842	0.067379
1.686843	0.067299
1.688844	0.067220
1.690845	0.067140
1.692846	0.067061
1.694847	0.066982
1.696848	0.066903
1.698849	0.066824
1.700850	0.066745
1.702851	0.066667
1.704852	0.066589
1.706853	0.066511
1.708854	0.066433
1.710855	0.066355
1.712856	0.066277
1.714857	0.066200
1.716858	0.066123
1.718859	0.066046
1.720860	0.065969
1.722861	0.065893
1.724862	0.065816
1.726863	0.065740
1.728864	0.065664
1.730865	0.065588
1.732866	0.065512
1.734867	0.065437
1.736868	0.065361
1.738869	0.065286
1.740870	0.065211
1.742871	0.065136
1.744872	0.065061
1.746873	0.064987
1.748874	0.064912
1.750875	0.064838
1.752876	0.064764
1.754877	0.064690
1.756878	0.064617
1.758879	0.064543
1.760880	0.064470
1.762881	0.064397
1.764882	0.064324
1.766883	0.064251
1.768884	0.064178
1.770885	0.064106
1.772886	0.064033
1.774887	0.063961
1.776888	0.063889
1.778889	0.063817
1.780890	0.063745
1.782891	0.063674
1.784892	0.063603
1.786893	0.063531
1.788894	0.063460
1.790895	0.063389
1.792896	0.063319
1.794897	0.063248
1.796898	0.063178
1.798899	0.063107
1.800900	0.063037
1.802901	0.062967
1.804902	0.062897
1.806903	0.062828
1.808904	0.062758
1.810905	0.062689
1.812906	0.062620
1.814907	0.062551
1.816908	0.062482
1.818909	0.062413
1.820910	0.062344
1.822911	0.062276
1.824912	0.062208
1.826913	0.062140
1.828914	0.062072
1.830915	0.062004
1.832916	0.061936
1.834917	0.061869
1.836918	0.061801
1.838919	0.061734
1.840920	0.061667
1.842921	0.061600
1.844922	0.061533
1.846923	0.061466
1.848924	0.061400
1.850925	0.061333
1.852926	0.061267
1.854927	0.061201
1.856928	0.061135
1.858929	0.061069
1.860930	0.061004
1.862931	0.060938
1.864932	0.060873
1.866933	0.060808
1.868934	0.060742
1.870935	0.060678
1.872936	0.060613
1.874937	0.060548
1.876938	0.060483
1.878939	0.060419
1.880940	0.060355
1.882941	0.060291
1.884942	0.060227
1.886943	0.060163
1.888944	0.060099
1.890945	0.060035
1.892946	0.059972
1.894947	0.059909
1.896948	0.059845
1.898949	0.059782
1.900950	0.059719
1.902951	0.059657
1.904952	0.059594
1.906953	0.059531
1.908954	0.059469
1.910955	0.059407
1.912956	0.059345
1.914957	0.059283
1.916958	0.059221
1.918959	0.059159
1.920960	0.059097
1.922961	0.059036
1.924962	0.058975
1.926963	0.058913
1.928964	0.058852
1.930965	0.058791
1.932966	0.058730
1.934967	0.058670
1.936968	0.058609
1.938969	0.058548
1.940970	0.058488
1.942971	0.058428
1.944972	0.058368
1.946973	0.058308
1.948974	0.058248
1.950975	0.058188
1.952976	0.058129
1.954977	0.058069
1.956978	0.058010
1.958979	0.057950
1.960980	0.057891
1.962981	0.057832
1.964982	0.057773
1.966983	0.057715
1.968984	0.057656
1.970985	0.057597
1.972986	0.057539
1.974987	0.057481
1.976988	0.057423
1.978989	0.057364
1.980990	0.057307
1.982991	0.057249
1.984992	0.057191
1.986993	0.057133
1.988994	0.057076
1.990995	0.057019
1.992996	0.056961
1.994997	0.056904
1.996998	0.056847
1.998999	0.056790
2.001001	0.056733
2.003002	0.056677
2.005003	0.056620
2.007004	0.056564
2.009005	0.056507
2.011006	0.056451
2.013007	0.056395
2.015008	0.056339
2.017009	0.056283
2.019010	0.056227
2.021011	0.056172
2.023012	0.056116
2.025013	0.056061
2.027014	0.056005
2.029015	0.055950
2.031016	0.055895
2.033017	0.055840
2.035018	0.055785
2.037019	0.055730
2.039020	0.055676
2.041021	0.055621
2.043022	0.055567
2.045023	0.055512
2.047024	0.055458
2.049025	0.055404
2.051026	0.055350
2.053027	0.055296
2.055028	0.055242
2.057029	0.055188
2.059030	0.055135
2.061031	0.055081
2.063032	0.055028
2.065033	0.054974
2.067034	0.054921
2.069035	0.054868
2.071036	0.054815
2.073037	0.054762
2.075038	0.054709
2.077039	0.054657
2.079040	0.054604
2.081041	0.054551
2.083042	0.054499
2.085043	0.054447
2.087044	0.054395
2.089045	0.054342
2.091046	0.054290
2.093047	0.054239
2.095048	0.054187
2.097049	0.054135
2.099050	0.054083
2.101051	0.054032
2.103052	0.053980
2.105053	0.053929
2.107054	0.053878
2.109055	0.053827
2.111056	0.053776
2.113057	0.053725
2.115058	0.053674
2.117059	0.053623
2.119060	0.053573
2.121061	0.053522
2.123062	0.053472
2.125063	0.053421
2.127064	0.053371
2.129065	0.053321
2.131066	0.053271
2.133067	0.053221
2.135068	0.053171
2.137069	0.053121
2.139070	0.053072
2.141071	0.053022
2.143072	0.052972
2.145073	0.052923
2.147074	0.052874
2.149075	0.052824
2.151076	0.052775
2.153077	0.052726
2.155078	0.052677
2.157079	0.052628
2.159080	0.052580
2.161081	0.052531
2.163082	0.052482
2.165083	0.052434
2.167084	0.052385
2.169085	0.052337
2.171086	0.052289
2.173087	0.052241
2.175088	0.052193
2.177089	0.052145
2.179090	0.052097
2.181091	0.052049
2.183092	0.052001
2.185093	0.051954
2.187094	0.051906
2.189095	0.051859
2.191096	0.051811
2.193097	0.051764
2.195098	0.051717
2.197099	0.051670
2.199100	0.051623
2.201101	0.051576
2.203102	0.051529
2.205103	0.051482
2.207104	0.051436
2.209105	0.051389
2.211106	0.051343
2.213107	0.051296
2.215108	0.051250
2.217109	0.051203
2.219110	0.051157
2.221111	0.051111
2.223112	0.051065
2.225113	0.051019
2.227114	0.050973
2.229115	0.050928
2.231116	0.050882
2.233117	0.050836
2.235118	0.050791
2.237119	0.050746
2.239120	0.050700
2.241121	0.050655
2.243122	0.050610
2.245123	0.050565
2.247124	0.050520
2.249125	0.050475
2.251126	0.050430
2.253127	0.050385
2.255128	0.050340
2.257129	0.050296
2.259130	0.050251
2.261131	0.050207
2.263132	0.050162
2.265133	0.050118
2.267134	0.050074
2.269135	0.050030
2.271136	0.049985
2.273137	0.049941
2.275138	0.049898
2.277139	0.049854
2.279140	0.049810
2.281141	0.049766
2.283142	0.049723
2.285143	0.049679
2.287144	0.049636
2.289145	0.049592
2.291146	0.049549
2.293147	0.049506
2.295148	0.049462
2.297149	0.049419
2.299150	0.049376
2.301151	0.049333
2.303152	0.049291
2.305153	0.049248
2.307154	0.049205
2.309155	0.049162
2.311156	0.049120
2.313157	0.049077
2.315158	0.049035
2.317159	0.048993
2.319160	0.048950
2.321161	0.048908
2.323162	0.048866
2.325163	0.048824
2.327164	0.048782
2.329165	0.048740
2.331166	0.048698
2.333167	0.048656
2.335168	0.048615
2.337169	0.048573
2.339170	0.048532
2.341171	0.048490
2.343172	0.048449
2.345173	0.048407
2.347174	0.048366
2.349175	0.048325
2.351176	0.048284
2.353177	0.048243
2.355178	0.048202
2.357179	0.048161
2.359180	0.048120
2.361181	0.048079
2.363182	0.048039
2.365183	0.047998
2.367184	0.047957
2.369185	0.047917
2.371186	0.047876
2.373187	0.047836
2.375188	0.047796
2.377189	0.047755
2.379190	0.047715
2.381191	0.047675
2.383192	0.047635
2.385193	0.047595
2.387194	0.047555
2.389195	0.047515
2.391196	0.047476
2.393197	0.047436
2.395198	0.047396
2.397199	0.047357
2.399200	0.047317
2.401201	0.047278
2.403202	0.047239
2.405203	0.047199
2.407204	0.047160
2.409205	0.047121
2.411206	0.047082
2.413207	0.047043
2.415208	0.047004
2.417209	0.046965
2.419210	0.046926
2.421211	0.046887
2.423212	0.046848
2.425213	0.046810
2.427214	0.046771
2.429215	0.046733
2.431216	0.046694
2.433217	0.046656
2.435218	0.046617
2.437219	0.046579
2.439220	0.046541
2.441221	0.046503
2.443222	0.046465
2.445223	0.046427
2.447224	0.046389
2.449225	0.046351
2.451226	0.046313
2.453227	0.046275
2.455228	0.046238
2.457229	0.046200
2.459230	0.046162
2.461231	0.046125
2.463232	0.046087
2.465233	0.046050
2.467234	0.046013
2.469235	0.045975
2.471236	0.045938
2.473237	0.045901
2.475238	0.045864
2.477239	0.045827
2.479240	0.045790
2.481241	0.045753
2.483242	0.045716
2.485243	0.045679
2.487244	0.045642
2.489245	0.045606
2.491246	0.045569
2.493247	0.045532
2.495248	0.045496
2.497249	0.045460
2.499250	0.045423
2.501251	0.045387
2.503252	0.045350
2.505253	0.045314
2.507254	0.045278
2.509255	0.045242
2.511256	0.045206
2.513257	0.045170
2.515258	0.045134
2.517259	0.045098
2.519260	0.045062
2.521261	0.045027
2.523262	0.044991
2.525263	0.044955
2.527264	0.044920
2.529265	0.044884
2.531266	0.044849
2.533267	0.044813
2.535268	0.044778
2.537269	0.044742
2.539270	0.044707
2.541271	0.044672
2.543272	0.044637
2.545273	0.044602
2.547274	0.044567
2.549275	0.044532
2.551276	0.044497
2.553277	0.044462
2.555278	0.044427
2.557279	0.044392
2.559280	0.044358
2.561281	0.044323
2.563282	0.044288
2.565283	0.044254
2.567284	0.044219
2.569285	0.044185
2.571286	0.044151
2.573287	0.044116
2.575288	0.044082
2.577289	0.044048
2.579290	0.044014
2.581291	0.043979
2.583292	0.043945
2.585293	0.043911
2.587294	0.043877
2.589295	0.043843
2.591296	0.043810
2.593297	0.043776
2.595298	0.043742
2.597299	0.043708
2.599300	0.043675
2.601301	0.043619
2.603302	0.043552
2.605303	0.043485
2.607304	0.043419
2.609305	0.043352
2.611306	0.043286
2.613307	0.043219
2.615308	0.043153
2.617309	0.043087
2.619310	0.043022
2.621311	0.042956
2.623312	0.042890
2.625313	0.042825
2.627314	0.042760
2.629315	0.042695
2.631316	0.042630
2.633317	0.042565
2.635318	0.042500
2.637319	0.042436
2.639320	0.042372
2.641321	0.042308
2.643322	0.042243
2.645323	0.042180
2.647324	0.042116
2.649325	0.042052
2.651326	0.041989
2.653327	0.041926
2.655328	0.041862
2.657329	0.041799
2.659330	0.041736
2.661331	0.041674
2.663332	0.041611
2.665333	0.041549
2.667334	0.041486
2.669335	0.041424
2.671336	0.041362
2.673337	0.041300
2.675338	0.041238
2.677339	0.041177
2.679340	0.041115
2.681341	0.041054
2.683342	0.040993
2.685343	0.040932
2.687344	0.040871
2.689345	0.040810
2.691346	0.040749
2.693347	0.040689
2.695348	0.040628
2.697349	0.040568
2.699350	0.040508
2.701351	0.040448
2.703352	0.040388
2.705353	0.040329
2.707354	0.040269
2.709355	0.040209
2.711356	0.040150
2.713357	0.040091
2.715358	0.040032
2.717359	0.039973
2.719360	0.039914
2.721361	0.039855
2.723362	0.039797
2.725363	0.039738
2.727364	0.039680
2.729365	0.039622
2.731366	0.039564
2.733367	0.039506
2.735368	0.039448
2.737369	0.039391
2.739370	0.039333
2.741371	0.039276
2.743372	0.039218
2.745373	0.039161
2.747374	0.039104
2.749375	0.039047
2.751376	0.038991
2.753377	0.038934
2.755378	0.038877
2.757379	0.038821
2.759380	0.038765
2.761381	0.038709
2.763382	0.038653
2.765383	0.038597
2.767384	0.038541
2.769385	0.038485
2.771386	0.038430
2.773387	0.038374
2.775388	0.038319
2.777389	0.038264
2.779390	0.038209
2.781391	0.038154
2.783392	0.038099
2.785393	0.038044
2.787394	0.037989
2.789395	0.037935
2.791396	0.037881
2.793397	0.037826
2.795398	0.037772
2.797399	0.037718
2.799400	0.037664
2.801401	0.037611
2.803402	0.037557
2.805403	0.037503
2.807404	0.037450
2.809405	0.037397
2.811406	0.037343
2.813407	0.037290
2.815408	0.037237
2.817409	0.037184
2.819410	0.037132
2.821411	0.037079
2.823412	0.037026
2.825413	0.036974
2.827414	0.036922
2.829415	0.036869
2.831416	0.036817
2.833417	0.036765
2.835418	0.036714
2.837419	0.036662
2.839420	0.036610
2.841421	0.036559
2.843422	0.036507
2.845423	0.036456
2.847424	0.036405
2.849425	0.036353
2.851426	0.036302
2.853427	0.036252
2.855428	0.036201
2.857429	0.036150
2.859430	0.036099
2.861431	0.036049
2.863432	0.035999
2.865433	0.035948
2.867434	0.035898
2.869435	0.035848
2.871436	0.035798
2.873437	0.035748
2.875438	0.035699
2.877439	0.035649
2.879440	0.035600
2.881441	0.035550
2.883442	0.035501
2.885443	0.035452
2.887444	0.035402
2.889445	0.035353
2.891446	0.035304
2.893447	0.035256
2.895448	0.035207
2.897449	0.035158
2.899450	0.035110
2.901451	0.035061
2.903452	0.035013
2.905453	0.034965
2.907454	0.034917
2.909455	0.034869
2.911456	0.034821
2.913457	0.034773
2.915458	0.034725
2.917459	0.034678
2.919460	0.034630
2.921461	0.034583
2.923462	0.034535
2.925463	0.034488
2.927464	0.034441
2.929465	0.034394
2.931466	0.034347
2.933467	0.034300
2.935468	0.034254
2.937469	0.034207
2.939470	0.034160
2.941471	0.034114
2.943472	0.034067
2.945473	0.034021
2.947474	0.033975
2.949475	0.033929
2.951476	0.033883
2.953477	0.033837
2.955478	0.033791
2.957479	0.033746
2.959480	0.033700
2.961481	0.033654
2.963482	0.033609
2.965483	0.033564
2.967484	0.033518
2.969485	0.033473
2.971486	0.033428
2.973487	0.033383
2.975488	0.033338
2.977489	0.033294
2.979490	0.033249
2.981491	0.033204
2.983492	0.033160
2.985493	0.033115
2.987494	0.033071
2.989495	0.033027
2.991496	0.032982
2.993497	0.032938
2.995498	0.032894
2.997499	0.032850
2.999500	0.032807
3.001501	0.032763
3.003502	0.032719
3.005503	0.032676
3.007504	0.032632
3.009505	0.032589
3.011506	0.032546
3.013507	0.032502
3.015508	0.032459
3.017509	0.032416
3.019510	0.032373
3.021511	0.032330
3.023512	0.032288
3.025513	0.032245
3.027514	0.032202
3.029515	0.032160
3.031516	0.032117
3.033517	0.032075
3.035518	0.032033
3.037519	0.031991
3.039520	0.031948
3.041521	0.031906
3.043522	0.031864
3.045523	0.031823
3.047524	0.031781
3.049525	0.031739
3.051526	0.031698
3.053527	0.031656
3.055528	0.031615
3.057529	0.031573
3.059530	0.031532
3.061531	0.031491
3.063532	0.031450
3.065533	0.031409
3.067534	0.031368
3.069535	0.031327
3.071536	0.031286
3.073537	0.031245
3.075538	0.031205
3.077539	0.031164
3.079540	0.031123
3.081541	0.031083
3.083542	0.031043
3.085543	0.031003
3.087544	0.030962
3.089545	0.030922
3.091546	0.030882
3.093547	0.030842
3.095548	0.030802
3.097549	0.030763
3.099550	0.030723
3.101551	0.030683
3.103552	0.030644
3.105553	0.030604
3.107554	0.030565
3.109555	0.030526
3.111556	0.030486
3.113557	0.030447
3.115558	0.030408
3.117559	0.030369
3.119560	0.030330
3.121561	0.030291
3.123562	0.030252
3.125563	0.030214
3.127564	0.030175
3.129565	0.030136
3.131566	0.030098
3.133567	0.030060
3.135568	0.030021
3.137569	0.029983
3.139570	0.029945
3.141571	0.029907
3.143572	0.029868
3.145573	0.029830
3.147574	0.029793
3.149575	0.029755
3.151576	0.029717
3.153577	0.029679
3.155578	0.029642
3.157579	0.029604
3.159580	0.029567
3.161581	0.029529
3.163582	0.029492
3.165583	0.029455
3.167584	0.029417
3.169585	0.029380
3.171586	0.029343
3.173587	0.029306
3.175588	0.029269
3.177589	0.029232
3.179590	0.029196
3.181591	0.029159
3.183592	0.029122
3.185593	0.029086
3.187594	0.029049
3.189595	0.029013
3.191596	0.028976
3.193597	0.028940
3.195598	0.028904
3.197599	0.028868
3.199600	0.028832
3.201601	0.028796
3.203602	0.028760
3.205603	0.028724
3.207604	0.028688
3.209605	0.028652
3.211606	0.028616
3.213607	0.028581
3.215608	0.028545
3.217609	0.028510
3.219610	0.028474
3.221611	0.028439
3.223612	0.028404
3.225613	0.028368
3.227614	0.028333
3.229615	0.028298
3.231616	0.028263
3.233617	0.028228
3.235618	0.028193
3.237619	0.028158
3.239620	0.028124
3.241621	0.028089
3.243622	0.028054
3.245623	0.028020
3.247624	0.027985
3.249625	0.027951
3.251626	0.027916
3.253627	0.027882
3.255628	0.027848
3.257629	0.027814
3.259630	0.027779
3.261631	0.027745
3.263632	0.027711
3.265633	0.027677
3.267634	0.027644
3.269635	0.027610
3.271636	0.027576
3.273637	0.027542
3.275638	0.027509
3.277639	0.027475
3.279640	0.027441
3.281641	0.027408
3.283642	0.027375
3.285643	0.027341
3.287644	0.027308
3.289645	0.027275
3.291646	0.027242
3.293647	0.027209
3.295648	0.027176
3.297649	0.027143
3.299650	0.027110
3.301651	0.027077
3.303652	0.027044
3.305653	0.027011
3.307654	0.026979
3.309655	0.026946
3.311656	0.026913
3.313657	0.026881
3.315658	0.026849
3.317659	0.026816
3.319660	0.026784
3.321661	0.026752
3.323662	0.026719
3.325663	0.026687
3.327664	0.026655
3.329665	0.026623
3.331666	0.026591
3.333667	0.026559
3.335668	0.026527
3.337669	0.026496
3.339670	0.026464
3.341671	0.026432
3.343672	0.026401
3.345673	0.026369
3.347674	0.026337
3.349675	0.026306
3.351676	0.026275
3.353677	0.026243
3.355678	0.026212
3.357679	0.026181
3.359680	0.026150
3.361681	0.026118
3.363682	0.026087
3.365683	0.026056
3.367684	0.026025
3.369685	0.025994
3.371686	0.025964
3.373687	0.025933
3.375688	0.025902
3.377689	0.025871
3.379690	0.025841
3.381691	0.025810
3.383692	0.025780
3.385693	0.025749
3.387694	0.025719
3.389695	0.025688
3.391696	0.025658
3.393697	0.025628
3.395698	0.025598
3.397699	0.025568
3.399700	0.025538
3.401701	0.025507
3.403702	0.025478
3.405703	0.025448
3.407704	0.025418
3.409705	0.025388
3.411706	0.025358
3.413707	0.025328
3.415708	0.025299
3.417709	0.025269
3.419710	0.025240
3.421711	0.025210
3.423712	0.025181
3.425713	0.025151
3.427714	0.025122
3.429715	0.025092
3.431716	0.025063
3.433717	0.025034
3.435718	0.025005
3.437719	0.024976
3.439720	0.024947
3.441721	0.024918
3.443722	0.024889
3.445723	0.024860
3.447724	0.024831
3.449725	0.024802
3.451726	0.024773
3.453727	0.024745
3.455728	0.024716
3.457729	0.024688
3.459730	0.024659
3.461731	0.024631
3.463732	0.024602
3.465733	0.024574
3.467734	0.024545
3.469735	0.024517
3.471736	0.024489
3.473737	0.024461
3.475738	0.024432
3.477739	0.024404
3.479740	0.024376
3.481741	0.024348
3.483742	0.024320
3.485743	0.024292
3.487744	0.024264
3.489745	0.024237
3.491746	0.024209
3.493747	0.024181
3.495748	0.024153
3.497749	0.024126
3.499750	0.024098
3.501751	0.024071
3.503752	0.024043
3.505753	0.024016
3.507754	0.023988
3.509755	0.023961
3.511756	0.023934
3.513757	0.023907
3.515758	0.023879
3.517759	0.023852
3.519760	0.023825
3.521761	0.023798
3.523762	0.023771
3.525763	0.023744
3.527764	0.023717
3.529765	0.023690
3.531766	0.023663
3.533767	0.023637
3.535768	0.023610
3.537769	0.023583
3.539770	0.023556
3.541771	0.023530
3.543772	0.023503
3.545773	0.023477
3.547774	0.023450
3.549775	0.023424
3.551776	0.023397
3.553777	0.023371
3.555778	0.023345
3.557779	0.023319
3.559780	0.023292
3.561781	0.023266
3.563782	0.023240
3.565783	0.023214
3.567784	0.023188
3.569785	0.023162
3.571786	0.023136
3.573787	0.023110
3.575788	0.023084
3.577789	0.023058
3.579790	0.023033
3.581791	0.023007
3.583792	0.022981
3.585793	0.022956
3.587794	0.022930
3.589795	0.022904
3.591796	0.022879
3.593797	0.022854
3.595798	0.022828
3.597799	0.022803
3.599800	0.022777
3.601801	0.022752
3.603802	0.022727
3.605803	0.022702
3.607804	0.022676
3.609805	0.022651
3.611806	0.022626
3.613807	0.022601
3.615808	0.022576
3.617809	0.022551
3.619810	0.022526
3.621811	0.022501
3.623812	0.022476
3.625813	0.022452
3.627814	0.022427
3.629815	0.022402
3.631816	0.022378
3.633817	0.022353
3.635818	0.022328
3.637819	0.022304
3.639820	0.022279
3.641821	0.022255
3.643822	0.022230
3.645823	0.022206
3.647824	0.022182
3.649825	0.022157
3.651826	0.022133
3.653827	0.022109
3.655828	0.022085
3.657829	0.022060
3.659830	0.022036
3.661831	0.022012
3.663832	0.021988
3.665833	0.021964
3.667834	0.021940
3.669835	0.021916
3.671836	0.021892
3.673837	0.021869
3.675838	0.021845
3.677839	0.021821
3.679840	0.021797
3.681841	0.021774
3.683842	0.021750
3.685843	0.021726
3.687844	0.021703
3.689845	0.021679
3.691846	0.021656
3.693847	0.021632
3.695848	0.021609
3.697849	0.021585
3.699850	0.021562
3.701851	0.021539
3.703852	0.021516
3.705853	0.021492
3.707854	0.021469
3.709855	0.021446
3.711856	0.021423
3.713857	0.021400
3.715858	0.021377
3.717859	0.021354
3.719860	0.021331
3.721861	0.021308
3.723862	0.021285
3.725863	0.021262
3.727864	0.021239
3.729865	0.021216
3.731866	0.021194
3.733867	0.021171
3.735868	0.021148
3.737869	0.021126
3.739870	0.021103
3.741871	0.021081
3.743872	0.021058
3.745873	0.021036
3.747874	0.021013
3.749875	0.020991
3.751876	0.020968
3.753877	0.020946
3.755878	0.020924
3.757879	0.020901
3.759880	0.020879
3.761881	0.020857
3.763882	0.020835
3.765883	0.020813
3.767884	0.020790
3.769885	0.020768
3.771886	0.020746
3.773887	0.020724
3.775888	0.020702
3.777889	0.020681
3.779890	0.020659
3.781891	0.020637
3.783892	0.020615
3.785893	0.020593
3.787894	0.020571
3.789895	0.020550
3.791896	0.020528
3.793897	0.020506
3.795898	0.020485
3.797899	0.020463
3.799900	0.020442
3.801901	0.020420
3.803902	0.020399
3.805903	0.020377
3.807904	0.020356
3.809905	0.020334
3.811906	0.020313
3.813907	0.020292
3.815908	0.020270
3.817909	0.020249
3.819910	0.020228
3.821911	0.020207
3.823912	0.020186
3.825913	0.020165
3.827914	0.020144
3.829915	0.020122
3.831916	0.020101
3.833917	0.020080
3.835918	0.020060
3.837919	0.020039
3.839920	0.020018
3.841921	0.019997
3.843922	0.019976
3.845923	0.019955
3.847924	0.019935
3.849925	0.019914
3.851926	0.019893
3.853927	0.019873
3.855928	0.019852
3.857929	0.019831
3.859930	0.019811
3.861931	0.019790
3.863932	0.019770
3.865933	0.019749
3.867934	0.019729
3.869935	0.019708
3.871936	0.019688
3.873937	0.019668
3.875938	0.019647
3.877939	0.019627
3.879940	0.019607
3.881941	0.019587
3.883942	0.019567
3.885943	0.019546
3.887944	0.019526
3.889945	0.019506
3.891946	0.019486
3.893947	0.019466
3.895948	0.019446
3.897949	0.019426
3.899950	0.019406
3.901951	0.019386
3.903952	0.019366
3.905953	0.019347
3.907954	0.019327
3.909955	0.019307
3.911956	0.019287
3.913957	0.019268
3.915958	0.019248
3.917959	0.019228
3.919960	0.019209
3.921961	0.019189
3.923962	0.019169
3.925963	0.019150
3.927964	0.019130
3.929965	0.019111
3.931966	0.019092
3.933967	0.019072
3.935968	0.019053
3.937969	0.019033
3.939970	0.019014
3.941971	0.018995
3.943972	0.018975
3.945973	0.018956
3.947974	0.018937
3.949975	0.018918
3.951976	0.018899
3.953977	0.018880
3.955978	0.018860
3.957979	0.018841
3.959980	0.018822
3.961981	0.018803
3.963982	0.018784
3.965983	0.018765
3.967984	0.018746
3.969985	0.018728
3.971986	0.018709
3.973987	0.018690
3.975988	0.018671
3.977989	0.018652
3.979990	0.018634
3.981991	0.018615
3.983992	0.018596
3.985993	0.018577
3.987994	0.018559
3.989995	0.018540
3.991996	0.018522
3.993997	0.018503
3.995998	0.018485
3.997999	0.018466
4.000000	0.018448
